100 0xe2e3 6 mode [1, 0, 0, 0] actors [0, 0, 0, 0, 0, 0, 0, 0] stage 4 2 health 0 menu [192, 0, 0, 83, 6, 0, 0, 0, 31, 0]
120 0xe2e3 6 mode [1, 0, 0, 0] actors [0, 0, 0, 0, 0, 0, 0, 0] stage 4 2 health 0 menu [192, 0, 0, 83, 6, 0, 0, 0, 31, 0]
130 0xe0ff 6 mode [1, 0, 0, 255] actors [128, 128, 128, 128, 128, 0, 0, 0] stage 0 0 health 0 menu [192, 0, 0, 83, 6, 0, 0, 1, 31, 7]
150 0xe0ff 6 mode [1, 0, 0, 255] actors [128, 128, 128, 128, 128, 0, 0, 0] stage 0 0 health 0 menu [192, 0, 0, 83, 6, 0, 0, 1, 31, 7]
200 0xe0ff 6 mode [1, 0, 0, 255] actors [128, 128, 128, 128, 128, 0, 0, 0] stage 0 0 health 0 menu [192, 0, 0, 83, 6, 0, 0, 1, 31, 7]
300 0xe0ff 6 mode [1, 0, 0, 255] actors [128, 128, 128, 128, 128, 0, 0, 0] stage 0 0 health 0 menu [192, 0, 0, 83, 6, 0, 0, 1, 31, 7]
400 0xe0ff 6 mode [1, 0, 0, 255] actors [128, 128, 128, 128, 128, 0, 0, 0] stage 0 0 health 0 menu [192, 0, 0, 83, 6, 0, 0, 1, 31, 7]
500 0xe0ff 6 mode [1, 0, 0, 255] actors [128, 128, 128, 128, 128, 0, 0, 0] stage 0 0 health 0 menu [192, 0, 0, 83, 6, 0, 0, 1, 31, 7]
600 0xe0ff 6 mode [1, 0, 0, 255] actors [128, 128, 128, 128, 128, 0, 0, 0] stage 0 0 health 0 menu [192, 0, 0, 83, 6, 0, 0, 1, 31, 7]
700 0xe0b1 6 mode [1, 0, 0, 255] actors [0, 0, 0, 0, 0, 0, 0, 0] stage 0 0 health 0 menu [64, 0, 0, 83, 6, 0, 0, 0, 31, 7]
800 0xe0b1 6 mode [1, 0, 0, 255] actors [0, 0, 0, 0, 0, 0, 0, 0] stage 0 0 health 0 menu [64, 0, 0, 83, 6, 0, 0, 0, 31, 7]
900 0xe0b1 6 mode [1, 0, 0, 255] actors [0, 0, 0, 0, 0, 0, 0, 0] stage 0 0 health 0 menu [64, 0, 0, 83, 6, 0, 0, 0, 31, 7]
1000 0xe0b1 6 mode [1, 0, 0, 255] actors [0, 0, 0, 0, 0, 0, 0, 0] stage 0 0 health 0 menu [64, 0, 0, 83, 6, 0, 0, 0, 31, 7]
1100 0xe0ff 6 mode [1, 0, 0, 255] actors [128, 161, 161, 32, 0, 0, 0, 0] stage 0 0 health 64 menu [192, 0, 0, 83, 6, 0, 0, 1, 31, 0]
1200 0xe0ff 6 mode [1, 0, 0, 255] actors [128, 161, 161, 32, 0, 0, 0, 0] stage 0 0 health 62 menu [192, 0, 0, 83, 6, 0, 0, 1, 31, 0]
1300 0xe0ff 6 mode [1, 0, 0, 255] actors [128, 161, 161, 32, 0, 0, 0, 0] stage 0 0 health 61 menu [192, 0, 0, 83, 6, 0, 0, 1, 31, 0]
1400 0xe0ff 6 mode [1, 0, 0, 255] actors [128, 161, 161, 32, 0, 0, 0, 0] stage 0 0 health 56 menu [192, 0, 0, 83, 6, 0, 0, 1, 31, 0]
1500 0xe0ff 6 mode [1, 0, 0, 255] actors [128, 161, 161, 32, 0, 0, 0, 0] stage 0 0 health 54 menu [192, 0, 0, 83, 6, 0, 0, 1, 31, 0]
1600 0xe0ff 6 mode [1, 0, 0, 255] actors [128, 161, 161, 32, 0, 0, 0, 0] stage 0 0 health 50 menu [192, 0, 0, 83, 6, 0, 0, 1, 31, 0]
